80511970
80097864
79246126
79632863
79208729
80257819
79438663
79231339
80019305
80086169
80751683
81877151
83079113
82883704
84752383
86119975
80067568
80083036
80038516
80005039
80889316
80298650
81979418
80063677
80562426
79357020
84061693
81330614
80968929
80144925
80168538
80107222
80091605
81076081
81098950
79279393
80055178
80780384
82312988
80170997
80201579
80064676
80038178
79817601
79649325
84161895
84639749
80783045
88914927
81475334
84346833
84080546
82137220
79199792
86301417
84298169
82451305
79234484
79442766
79498677
84153141
80676813
85402634
83966322
81624418
86123754
85956985
80704868
81035029
80035705
80824290
80326507
83100606
90081840
79826909
81178382
79668410
79271503
79294071
79321003
79939892
79969909
79220338
80481517
79232150
79253861
79257310
81879317
79402806
79289067
79405345
79572780
79770220
79686282
87053575
79242031
79243460
79793607
85096460
80652359
80807274
86353301
83338617
80220121
80441659
82561799
85705379
83158902
90675476
83707194
84158298
79584666
82028339
91837717
79291593
79295091
79203851
79221990
79239823
79241584
79238233
79260011
79298995
79221185
79284292
79305678
79218877
79217528
79223146
79278413
80776986
79223644
79250634
79241551
79339062
79255474
79222969
79203010
79295728
79260080
79276707
79249767
79206697
79252252
79241544
79283809
79329332
79268151
79245083
79362940
79328807
79270306
79256288
79222627
79291305
79229193
79283539
79221572
79312697
79290263
79319488
79306344
79293062
79204605
79264893
79246381
79242282
79272484
79219188
79261190
79408018
79222097
79360383
79200301
79226418
79223692
79208980
79183629
79202244
79201594
79223534
79204568
79251240
79227465
79204437
79242956
79246432
79197878
79273961
79221817
79368502
79238799
79299334
79223951
79297953
79281700
79268905
79233422
79228241
79206081
79225380
79223556
79249521
79220834
79221730
79224282
79315403
79220366
79198200
79198985
79330776
79220439
79246733
79217698
79182535
79250395
79273905
79204190
79386858
79181908
79227170
79220825
79217231
79222516
79262291
79246274
79314230
79222045
79265251
79256367
79660932
79244630
79202554
79246249
79247289
79258930
79298253
79249712
79276983
79241337
79235187
79226604
79376617
79228899
79311419
79247075
79219538
79197152
79245599
79291700
79412411
79227066
79245779
79238367
79422957
79263760
79221278
79216408
79262546
79265758
79297481
79220319
79218580
79203013
79231003
79240314
79379515
79203826
79241451
79245423
79529829
79238767
79226322
79226438
79320210
79258916
79300892
79274698
79406557
79237421
79308917
79287518
79319432
79267068
79303131
79221509
79304734
79186184
79224683
79223227
79534393
79201790
79207653
79184365
79219581
79217660
79200764
79204215
79201494
79223265
79245662
79197556
79345258
79228506
79225055
79227121
79244321
79256278
79208116
79229541
79353545
79215871
79200868
79177846
79405510
79240940
79250460
79218282
79179710
79225547
79221005
79243624
79222631
79203928
79228049
79204756
79389575
79204640
79207240
79226589
79378432
79222578
79283260
79201558
79205728
79223829
79271153
79204801
79404938
79204920
79225976
79209781
79222292
79223574
79204253
79200330
79222091
79219167
79237738
79222481
79558221
79216721
79204722
79221814
79227722
79201027
79203405
79178070
79226215
79202369
79220596
79178049
79403719
79220529
79244194
79252583
79200420
79180118
79285392
79246934
80558043
79175089
79210940
79188192
79372157
79201644
79189709
79184407
79199893
79211021
79228744
79182534
79234138
79178328
79224765
79270306
79361738
79201768
79226476
79223649
79350636
79200270
79202908
79182032
79251535
79200281
79223214
79179319
79331654
79201455
79250843
79220056
79264782
79229033
79198718
79198212
79186871
79230519
79165712
79161821
79404891
79162766
79198048
79160724
79184383
79162972
79163464
79164574
79182373
79160533
79206188
79163852
79337237
79216870
79161655
79161725
79183288
79161655
79227906
79162006
79298949
79162248
79237049
79162364
79343100
79192357
79207565
79185291
79157660
79184143
79180564
79179887
79236076
79160616
79221897
79179714
79346775
79182320
79229049
79160080
79513423
79183122
79200674
79183135
79162809
79186990
79234273
79234266
79360975
79163291
79204881
79176219
79184869
79203342
79157075
79181439
79199772
79185940
79202746
79165299
79635484
79310005
79180736
79178484
79180174
79158585
79195365
79175689
79238060
79181381
79161848
79181573
79341772
79178307
79207789
79159764
79182518
79209220
79185445
79247760
79331643
79206285
79207427
79183678
79344069
79160483
79213337
79218419
79200960
79187150
79181552
79162661
79182817
79175154
79179145
79181515
79333130
79192032
79186664
79157496
79353373
79210998
79163837
79167372
79261818
79181790
79186922
79182907
79342307
79187476
79182379
79158955
79216925
79169680
79184007
79160896
79164329
79171201
79181409
79163042
79668060
79170723
79206210
79166466
79209063
79180250
79228506
79158479
79220692
79178265
79208066
79174676
79297089
79157540
79166262
79164262
79202653
79217119
79188141
79178186
79497146
79176477
79160284
79157818
79415090
79261990
79202752
79181526
79162246
79190446
79178573
79230432
79198675
79164187
79203134
79181780
79316887
79187697
79164628
79183759
79352019
79201693
79254960
79183712
79184031
79201181
79182462
79207936
79343130
79160053
79183167
79184391
79217581
79200120
79201827
79201066
79224887
79498828
79224317
79180173
79723930
79194179
79161665
79163282
79183402
79167844
79185281
79167064
79164115
79159889
79175812
79184524
79271048
79178895
79185783
79211713
79179331
79184405
79179288
79181122
80797170
79180992
79209068
79178964
79255695
79151682
79196023
79176075
79202487
79163054
79183156
79160148
79167088
79159074
79161616
79163628
79258847
79165425
79187746
79157547
79245512
79163657
79181837
79181214
79252660
79179014
79182114
79185640
79266474
79176013
79182138
79158045
79266438
79161116
79206832
79177620
79155459
79178740
79227012
79280050
79701473
79163975
79185194
79167112
79166688
79160592
79161248
79267958
79187464
79180446
79184043
79231183
79228156
79216519
79187595
79160365
79178999
79211891
79184599
79164988
79250950
79288437
79160402
79161217
79256883
79181670
79200777
79160752
79181283
79177230
79185140
79178804
79181196
79164208
79182754
79163251
79239402
79158262
79162071
79189899
79271387
79167306
79180262
79170551
79166049
79162948
79235077
79177708
79272177
79180295
79249455
79194315
79206132
79180550
79251387
79265711
79263712
79247013
79221465
79199958
79376731
79237761
79430818
84701586
87911225
87902284
87901570
87902762
87904172
87899391
87914353
87911024
87922199
87887438
87910139
87912778
87912418
87900113
87898438
87903567
87921009
87902062
87907571
82601648
79457994
79200467
79223720
79198455
79220313
79192643
79229898
79198963
79181092
79246414
79183300
79219587
79297762
79203843
79206551
79184649
79285182
79198328
79206033
79184524
79262195
79201596
79223677
79203467
79257777
79179306
79252347
79196627
79293190
79183610
79376172
79200374
79198330
79222277
79271513
79253958
79375633
79217196
79247185
79203030
79201641
79218895
79200607
79219385
79223258
79198709
79228147
79201862
79293533
79197373
79220107
79200646
79226487
79250579
79243896
79204168
79271005
79216266
79202082
79261519
79293446
79245069
79256185
79220883
79219223
79196634
79197863
79221015
79268057
79227335
79221628
79187806
79289084
79201468
79219298
79250598
79266358
79219641
79274972
79204171
79199048
79199280
79275545
79219099
79303009
79195656
79266352
79221561
79218120
79246053
79206019
79197812
79226764
79231085
79209404
79200386
79361418
79246936
79221009
79223792
79224821
79217163
79247755
79223645
79202576
79200395
79225620
79228630
79322570
79199717
79200073
79248011
79201376
79202341
79203242
79220973
80610564
79206763
79242011
79182490
79248588
79259698
79209331
79208487
79201084
79179985
79211964
79198164
79203312
79175404
79180925
79229532
79278375
79206009
79203246
79191744
79287084
79201317
79224257
79200385
79267031
79185078
79207136
79242774
79295502
79182878
79182288
79199002
79297789
79213750
79267372
79251824
79186150
79185999
79184286
79181799
79336964
79158037
79203758
79180698
79181898
79183642
79161546
79261008
79199910
79166138
79182516
79160421
79239156
79220475
79186877
79164786
79187009
79155585
79178877
79163968
79241247
79165092
79162180
79189799
79275543
79201698
79181207
79182590
79161882
79161929
79164279
79162450
79182567
79185585
79224718
79167526
79233792
79176418
79246067
79159056
79265856
79166467
79182270
79163658
79162597
79166860
79232123
79157671
79260311
79183277
79204746
79185829
79160938
79159196
79192042
79166074
79186177
79162033
79188238
79160782
79337176
79180190
79176641
79264091
79202053
79184739
79220481
79180377
79205434
79186792
79203279
79235684
79263252
79184795
79208105
79189190
79183371
79180765
79184773
79237085
79267403
79161348
79184199
79155179
79230951
79159192
79209343
79190597
79185125
79160093
79187272
79160982
79179275
79171724
79158634
79182439
79280374
79167750
79183997
79157588
79262426
79178639
79180146
79229501
79228258
79187397
79196803
79185999
79247241
79199634
79211498
79181639
79237331
79187877
79191885
79161417
79200876
79177147
79162887
79195856
79333213
79183469
79188197
79160736
79167111
79161354
79159508
79163292
79181190
79158186
79198028
79168386
79222358
79165457
79166717
79160332
79189371
79212374
79233324
79168732
79249775
79157235
79163211
79163947
79254229
79161456
79180087
79155886
79154152
79166565
79186964
79166462
79230458
79179640
79230741
79177873
79255448
79163289
79164864
79159243
79284213
79167729
79234695
79167672
79160599
79162296
79159062
79156291
79253596
79157097
79188890
79163195
79163788
79160693
79161356
79157781
79184531
79162719
79182578
79168806
79318912
79160278
79160607
79163154
79207918
79176431
79219532
79197335
79187075
79180560
79200917
79256245
79325305
79197252
79222099
79200563
79200459
79224673
79177163
79270463
80542428
79184050
79203278
79183182
79275161
79201364
79185236
79179853
79177672
79162589
79200358
79176467
79176628
79184898
79162260
79182904
79288569
79181067
79203842
79164077
79259544
79180596
79228787
79162403
79235658
79158385
79182662
79159535
79228283
79162401
79168326
79159378
79260048
79180101
79228256
79166779
79205029
79212606
79184260
79165838
79320590
79163326
79189036
79162657
79159928
79163557
79163120
79159282
79228276
79213998
79176739
79162301
79252604
79175304
79177161
79155299
79201845
79180419
79205182
79182110
79214457
79159253
79179481
79176275
79270006
79219051
79184949
79178626
79185906
79179840
79234724
79219908
79202249
79175887
79252083
79160907
79234787
79156827
79167172
79196290
79224775
79182612
79204870
79183941
79166997
79161578
79180744
79162707
79261600
79158432
79188028
79187481
79162427
79166091
79162668
79210692
79181314
79159745
79189282
79168716
79599746
79182773
79161373
79179155
79220920
79179874
79193539
79217249
79186675
79177131
79172356
79176735
79264478
79154757
79254647
79183446
79196826
79185366
79168912
79176603
79341042
79180175
79223850
79183217
79279359
79174623
79201636
79176358
79235519
79196551
79197951
79181850
79183901
79158318
79181077
79182006
79270556
79183647
79185123
79157102
79320392
79185185
79259386
79222761
79222581
79183518
79197676
79182409
79253212
79160060
79180350
79178506
79209511
79183760
79180283
79179279
79174143
79181103
79182270
79158036
79365537
79183669
79201865
79181098
79160926
79238141
79185588
79197489
79213091
79201256
79202314
79185576
79253437
79223845
79177858
79157616
79199141
79180892
79206445
79198243
79209026
79612028
79179229
79182363
79278929
79162147
79202547
79182000
79186939
79178088
79182922
79165701
79205058
79166809
79174722
79159261
79240166
79162976
79216531
79176672
79222035
79158181
79185442
79159411
79166132
79166239
79182268
79155354
79291724
79163228
79200600
79157741
79209180
79184840
79178307
79223481
79181901
79181606
79320728
79276427
79327041
79199509
79467428
79292375
79243382
79205063
79244378
79205729
79218900
79221104
79199252
79246264
79282480
79224746
79252607
79221661
79205599
79199428
79224258
79226147
81710530
79206503
79257363
79222026
79336819
79219643
79221535
79242964
79237933
79265356
79226636
79221741
79268948
79271243
79217963
79221544
79289985
79208583
79223886
79199852
79308021
79185155
79180422
79202330
79269449
79180781
79208304
79188422
79258814
79199068
79203432
79216926
79264737
79206344
79228397
79204299
79185060
79179982
79204284
79185583
79353248
79182081
79249475
79182249
79159410
79169618
79180288
79266641
79202911
79214555
79181759
79169188
79271046
79158716
79181915
79164236
79215418
79164929
79184288
79161098
79264428
79161628
79158535
79242630
79259220
79164571
79186905
79161057
79168461
79186717
79200860
79174017
79268250
79176890
79250726
79159007
79284935
79190251
79202111
79233748
79262733
79167843
79272096
79185556
79227230
79173177
79164262
79177036
79256236
79185668
79256294
79160257
79180037
79179775
79204314
79200847
79179863
79196212
79205811
79223908
79626624
79160427
79160051
79187606
79181584
79156628
79183945
79215746
79160562
79177860
79207555
79181092
79307667
79187411
79199828
79182982
79184483
79161540
79184199
79179682
79294473
79205231
79262957
79182830
79269934
79180990
79186357
79185255
79244053
79178836
79228154
79229776
79181774
79225494
79206135
79200663
79294346
79205887
79226848
79204621
79343408
79181850
79197264
79179867
79225781
79165368
79182763
79164056
79254588
79177264
79198459
79190631
79238673
79157267
79199345
79163511
79162363
79335106
79183269
79159882
79891726
79160712
79234289
79180590
79196799
79233424
79202142
79176509
79204193
79159459
79267269
79180966
79254891
79181966
79161264
79206969
79202037
79190096
79222248
79165634
79238740
79177926
79192333
79180362
79280247
79209883
79202877
79182087
79182539
79179225
79261709
79180981
79248330
79184598
79209266
79160411
79261665
79175807
79229243
79158639
79226741
79163072
79209775
79179957
79181288
79161474
79210155
79186390
79276837
79191370
79185779
79182454
79161684
79167773
79160730
79182676
79184822
79179214
79206263
79159704
79292463
79161764
79189379
79156179
79201538
79159131
79202077
79156357
79181921
79202322
79181814
79211134
79267716
79177267
79204265
79183830
79190461
79168202
79204056
79160067
80719319
79167051
79183574
79181866
79254944
79181391
79178119
79156383
79204784
79227450
79272646
79198465
79185052
79178452
79202880
79225831
79313203
79181663
79351997
79206687
79223699
79180994
79178770
79233356
79207167
79206744
79200812
79206512
79255968
79241573
79181136
79203641
79264735
79166692
79185577
79157788
79164294
79161900
79188953
79162366
79421532
79185398
79199009
79157886
79209423
79200224
79180132
79181157
79196937
79217510
79187316
79159993
79235293
79184134
79182869
79184591
79203844
79164980
79211810
79220053
79234029
79178195
79216082
79181645
79262442
79187176
79211515
79188477
79224790
79161272
79205854
79165973
79220870
79160890
79221048
79152589
79236690
79164479
79212751
79163002
79308270
79190276
79181426
79162369
79169037
79160899
79246347
79157760
79255938
79160756
79203435
79156844
79158331
79160527
79161047
79166611
79230447
79157000
79187067
79184170
79321174
79161667
79211425
79219337
79214226
79166724
79191109
79165089
79187039
79161130
79155600
79187925
79257038
79189135
79185429
79182153
79162376
79228385
79157364
79162160
79315679
79160679
79189668
79163234
79261700
79227436
79179075
79163447
79236221
79162590
79180851
79165844
79161458
79162185
79160591
79180800
79280417
79177693
79199395
79187641
79252941
79180178
79181726
79203702
79285657
79201780
79223106
79180445
79275453
79198217
79204397
79176688
79265350
79200326
79225255
79176160
79184148
79161460
79241537
79163070
79300611
79209513
79201130
79166250
79156705
79194732
79206532
79219604
79184552
79177480
79204901
79188478
79249414
79162674
79182124
79180489
79201525
79181099
79188574
79158293
79326234
79179384
79180432
79180518
79254434
79179992
79251322
79224120
79183855
79180580
79179667
79182427
79252497
79226591
79180308
79173779
79254215
79199902
79182655
79177604
79248031
79199389
79199709
79181529
79161890
79155818
79181706
79181298
79268723
79184756
79178957
79229727
79178458
79318933
79183965
79158105
79202159
79179131
79204149
79223223
79278349
79180844
79180767
79183273
79206867
79158997
79203101
79185340
79181143
79157910
79213021
79162923
79259108
79159554
79184242
79166696
79183032
79162133
79238881
79163846
79243713
79154798
79208458
79161377
79258972
79183555
79240902
79159537
79179548
79166618
79179207
79161733
79215664
79158806
79271742
79156623
79257147
79206444
79178480
79167425
79244719
79160776
79185463
79228602
79249040
79182617
79204286
79183013
79256729
79178273
79204411
79224259
79293652
79184054
79181725
79162388
79172466
79213861
79186432
79186758
79624237
79222693
79186658
79178108
79185211
79200394
79230710
79181485
79179854
79180208
79222563
79182480
79252646
79164653
79181991
79178998
79257463
79176796
79178659
79200880
79226210
79326581
79164188
79164924
79302679
79182578
79199729
79182090
79166731
79160324
79259257
79178338
79219657
79179294
79182868
79162599
79243795
79163450
79212024
79186973
79281992
79183640
79203280
79189802
79178371
79227179
79203836
79181273
79311738
79159215
79196969
79184918
79179357
79165642
79243192
79189528
79184498
79183778
79186793
79160228
79296328
79164513
79160605
79271784
79291827
79248670
79243123
79197124
79224992
79221116
79202056
79202389
79295698
79221155
79241124
79222116
79181384
79183256
79204473
79198935
79272794
79172217
79211362
79439802
79336466
79222794
79177757
79202740
79293401
79240107
79246749
79200223
79198881
79200860
79227678
79220661
79271401
79206592
79225729
79231258
79283420
79199702
79177829
79182773
79294672
79217102
79221057
79182610
79275848
79218003
79223759
79199701
79260290
79250141
79211347
79164393
79163170
79164665
79212633
79161681
79376753
79273905
79222647
79222425
79185601
79189789
79238552
79180600
79177345
79162903
79202603
79174024
79255358
79162235
79183110
79164049
79187746
79166162
79185416
79165409
79271015
79159906
79211876
79160122
79321805
79183557
79243748
79180315
79159278
79196805
79179629
79182510
79249331
79161903
79202760
79183203
79252934
79176052
79181217
79281477
79391163
79181605
79197911
79181545
79166543
79182972
79179753
79160186
79252070
79164961
79184702
79161325
79178989
79199436
79158040
79246009
79209155
79188631
79182741
79167132
79317770
79161198
79162987
79280539
79185464
79159748
79203740
79176087
79201642
79184118
79161958
79208548
79252682
79156898
79179818
79163566
79166999
79165711
79261901
79186806
79313737
79203597
79205177
79182135
79268762
79165693
79154566
79161614
79179174
79163126
79183164
79163470
79188288
79162034
79245782
79161122
79278511
79165612
79210495
79182112
79264693
79157851
79160087
79162431
79233880
79162667
79186950
79158123
79233104
79163158
79163863
79156775
79265893
79228507
79222481
79205747
79176910
79182580
79231518
79181169
79406973
79187924
79197604
79251522
79205523
79181581
79186070
79183436
79201857
79199687
79225924
79179349
79235485
79185517
79184079
79181133
79206298
79178852
79248559
79204536
79270317
79200803
79159350
79229835
79304194
79183104
79198770
79181251
79197551
79180753
79181405
79189402
79199835
79161557
79201917
79176813
79251043
79179415
79161739
79181077
79283938
79180204
79207098
79157673
79179170
79178186
79182421
79232610
79253753
79159476
79201792
79176496
79224428
79180919
79157339
79179199
79200263
79188938
79206646
79161610
79317213
79176634
79232262
79165322
79202366
79162256
79230640
79161654
79158318
79163027
79213909
79162767
79270813
79156841
79209421
79166532
79160974
79156970
79160515
79160354
79271166
79166881
79190236
79162264
79233855
79162754
79181772
79175435
79199873
79179988
79184045
79182860
79174396
79182228
79177088
79156800
79271671
79181254
79211221
79180737
79245777
79159369
79184597
79200682
79250404
79254688
79181785
79200285
79254973
79178370
79178843
79161744
79262837
79188358
79201188
79179231
79160748
79188138
79175620
79231363
79364404
79164029
79216778
79185170
79185351
79197138
79208686
79167059
79205092
79189240
79254787
79181002
79235312
79175851
79175998
79179708
79201207
79163147
79206497
79213263
79275665
79177698
79161144
79178764
79275861
79181939
79220352
79156531
79199592
79182165
79206310
79238192
79183601
79170153
79201831
79180552
79259605
79179892
79160027
79235214
79331511
79182301
79200470
79163158
79181878
79185744
79212627
79160327
79245673
79182552
79200517
79180661
79228749
79162681
79184179
79186285
79254066
79182165
79184684
79161911
79653437
79178735
79184561
79185247
79234676
79186528
79185022
79168650
79161021
79187275
79177773
79202365
79281362
79179382
79178947
79185503
79175097
79182369
79180278
79157886
79362802
79195280
79203084
79178470
79232656
79161634
79184142
79178145
79203112
79186186
79190563
79162253
79161669
79165336
79244001
79164753
79256920
79216983
79184964
79166903
79253325
79189213
79180313
79179919
79200986
79160149
79205395
79181596
79250791
79176953
79181531
79163020
79261080
79156840
79199070
79162937
79184481
79177802
79179868
79199271
79321393
79183356
79254421
79225620
79181004
79240226
79199231
79181993
79202864
79179699
79204795
79162188
79256379
79176544
79182052
79186206
79181683
79163172
79204705
79187807
79450793
79181050
79160641
79185231
79276071
79179979
79208945
79217820
79186130
79176666
79258302
79223536
79181823
79178543
79184665
79188743
79286016
79177596
79212330
79232779
79253140
79195775
79179962
79161540
79187419
79182050
79160714
79165279
79251000
79164723
79188688
79156571
79160940
79162735
79211034
79175992
79253488
79185858
79203513
79232859
79301662
79185954
79237903
79161360
79229334
79190157
79222896
79185583
79165314
79160771
79229471
79184734
79273831
79187481
79225261
79186801
79248873
79179901
79198824
79157470
79316562
79184720
79184252
79212030
79221367
79179621
79183840
79178220
79200982
79218358
79182339
79163779
79184245
79159948
79209313
79163264
79256052
79159093
79185301
79161379
79247960
79157342
79236516
79162996
79187216
79159207
79192850
79164961
79226804
79164087
79160442
79160243
79324032
79178781
79252098
79161268
79181143
79182176
79227575
79251478
79334533
79180619
79213505
79199783
79181683
79183133
79202187
79178959
79197349
79173183
79203816
79186556
79250764
79178200
79170581
79214501
79189433
79161895
79205271
79188577
79268775
79371105
79203800
79200703
79277106
79200528
79201076
79237577
79200686
79201179
79223188
79183577
79228582
79182041
79200436
79176798
79258517
79163331
79182932
79197123
79253744
79177501
79204874
79181053
79202605
79177826
79180383
79163961
80020342
86396480
81619913
79211949
80361372
79160877
80235418
80089613
81218525
79888892
80210905
84018176
82440190
80278209
82102305
79993967
79200776
80036262
79232164
80694359
79292489
79233819
79208767
79199553
79288021
79181274
80418223
80156107
79237782
79203121
79179937
79220851
80670445
79238134
79244705
79206958
79297016
79295234
79220733
79226243
79312583
79224958
79241158
79272617
79179176
79203385
79239507
79221441
79312367
79485353
79266011
79233820
80359927
79186226
79184344
80404304
79203667
79199084
80536843
79224074
79280764
80104986
79288800
79161456
80832186
79219472
79179027
80448369
79183177
79260638
80038764
79203578
79349302
79920280
79206894
79176566
79531738
79169539
79187837
79185818
79224068
79196038
79206102
79161306
79322602
79238988
79225015
79247929
79183381
79203690
79228971
79228130
79324025
79179531
79205251
79198698
79295487
79203825
79224827
79200080
79241870
79249589
